global in
global ot
in = [0.00632000000000000,0.0273100000000000,0.0272900000000000,0.0323700000000000,0.0690500000000000,0.0298500000000000,0.0882900000000000,0.144550000000000,0.211240000000000,0.170040000000000,0.224890000000000,0.117470000000000,0.0937800000000000,0.629760000000000,0.637960000000000,0.627390000000000,1.05393000000000,0.784200000000000,0.802710000000000,0.725800000000000,1.25179000000000,0.852040000000000,1.23247000000000,0.988430000000000,0.750260000000000,0.840540000000000,0.671910000000000,0.955770000000000,0.772990000000000,1.00245000000000,1.13081000000000,1.35472000000000,1.38799000000000,1.15172000000000,1.61282000000000,0.0641700000000000,0.0974400000000000,0.0801400000000000,0.175050000000000,0.0276300000000000,0.0335900000000000,0.127440000000000,0.141500000000000,0.159360000000000,0.122690000000000,0.171420000000000,0.188360000000000,0.229270000000000,0.253870000000000,0.219770000000000,0.0887300000000000,0.0433700000000000,0.0536000000000000,0.0498100000000000,0.0136000000000000,0.0131100000000000,0.0205500000000000,0.0143200000000000,0.154450000000000,0.103280000000000,0.149320000000000,0.171710000000000,0.110270000000000,0.126500000000000,0.0195100000000000,0.0358400000000000,0.0437900000000000,0.0578900000000000,0.135540000000000,0.128160000000000,0.0882600000000000,0.158760000000000,0.0916400000000000,0.195390000000000,0.0789600000000000,0.0951200000000000,0.101530000000000,0.0870700000000000,0.0564600000000000,0.0838700000000000,0.0411300000000000,0.0446200000000000,0.0365900000000000,0.0355100000000000,0.0505900000000000,0.0573500000000000,0.0518800000000000,0.0715100000000000,0.0566000000000000,0.0530200000000000,0.0468400000000000,0.0393200000000000,0.0420300000000000,0.0287500000000000,0.0429400000000000,0.122040000000000,0.115040000000000,0.120830000000000,0.0818700000000000,0.0686000000000000,0.148660000000000,0.114320000000000,0.228760000000000,0.211610000000000,0.139600000000000,0.132620000000000,0.171200000000000,0.131170000000000,0.128020000000000,0.263630000000000,0.107930000000000,0.100840000000000,0.123290000000000,0.222120000000000,0.142310000000000,0.171340000000000,0.131580000000000,0.150980000000000,0.130580000000000,0.144760000000000,0.0689900000000000,0.0716500000000000,0.0929900000000000,0.150380000000000,0.0984900000000000,0.169020000000000,0.387350000000000,0.259150000000000,0.325430000000000,0.881250000000000,0.340060000000000,1.19294000000000,0.590050000000000,0.329820000000000,0.976170000000000,0.557780000000000,0.322640000000000,0.352330000000000,0.249800000000000,0.544520000000000;18,0,0,0,0,0,12.5000000000000,12.5000000000000,12.5000000000000,12.5000000000000,12.5000000000000,12.5000000000000,12.5000000000000,0,0,0,0,0,0,0,0,0,0,0,0,0,0,0,0,0,0,0,0,0,0,0,0,0,0,75,75,0,0,0,0,0,0,0,0,0,21,21,21,21,75,90,85,100,25,25,25,25,25,25,17.5000000000000,80,80,12.5000000000000,12.5000000000000,12.5000000000000,0,0,0,0,0,0,0,0,0,0,25,25,25,25,0,0,0,0,0,0,0,0,28,28,28,0,0,0,0,0,0,0,0,0,0,0,0,0,0,0,0,0,0,0,0,0,0,0,0,0,0,0,0,0,0,0,0,0,0,0,0,0,0,0,0,0,0,0,0,0;2.31000000000000,7.07000000000000,7.07000000000000,2.18000000000000,2.18000000000000,2.18000000000000,7.87000000000000,7.87000000000000,7.87000000000000,7.87000000000000,7.87000000000000,7.87000000000000,7.87000000000000,8.14000000000000,8.14000000000000,8.14000000000000,8.14000000000000,8.14000000000000,8.14000000000000,8.14000000000000,8.14000000000000,8.14000000000000,8.14000000000000,8.14000000000000,8.14000000000000,8.14000000000000,8.14000000000000,8.14000000000000,8.14000000000000,8.14000000000000,8.14000000000000,8.14000000000000,8.14000000000000,8.14000000000000,8.14000000000000,5.96000000000000,5.96000000000000,5.96000000000000,5.96000000000000,2.95000000000000,2.95000000000000,6.91000000000000,6.91000000000000,6.91000000000000,6.91000000000000,6.91000000000000,6.91000000000000,6.91000000000000,6.91000000000000,6.91000000000000,5.64000000000000,5.64000000000000,5.64000000000000,5.64000000000000,4,1.22000000000000,0.740000000000000,1.32000000000000,5.13000000000000,5.13000000000000,5.13000000000000,5.13000000000000,5.13000000000000,5.13000000000000,1.38000000000000,3.37000000000000,3.37000000000000,6.07000000000000,6.07000000000000,6.07000000000000,10.8100000000000,10.8100000000000,10.8100000000000,10.8100000000000,12.8300000000000,12.8300000000000,12.8300000000000,12.8300000000000,12.8300000000000,12.8300000000000,4.86000000000000,4.86000000000000,4.86000000000000,4.86000000000000,4.49000000000000,4.49000000000000,4.49000000000000,4.49000000000000,3.41000000000000,3.41000000000000,3.41000000000000,3.41000000000000,15.0400000000000,15.0400000000000,15.0400000000000,2.89000000000000,2.89000000000000,2.89000000000000,2.89000000000000,2.89000000000000,8.56000000000000,8.56000000000000,8.56000000000000,8.56000000000000,8.56000000000000,8.56000000000000,8.56000000000000,8.56000000000000,8.56000000000000,8.56000000000000,8.56000000000000,10.0100000000000,10.0100000000000,10.0100000000000,10.0100000000000,10.0100000000000,10.0100000000000,10.0100000000000,10.0100000000000,10.0100000000000,25.6500000000000,25.6500000000000,25.6500000000000,25.6500000000000,25.6500000000000,25.6500000000000,25.6500000000000,21.8900000000000,21.8900000000000,21.8900000000000,21.8900000000000,21.8900000000000,21.8900000000000,21.8900000000000,21.8900000000000,21.8900000000000,21.8900000000000,21.8900000000000,21.8900000000000,21.8900000000000;0,0,0,0,0,0,0,0,0,0,0,0,0,0,0,0,0,0,0,0,0,0,0,0,0,0,0,0,0,0,0,0,0,0,0,0,0,0,0,0,0,0,0,0,0,0,0,0,0,0,0,0,0,0,0,0,0,0,0,0,0,0,0,0,0,0,0,0,0,0,0,0,0,0,0,0,0,0,0,0,0,0,0,0,0,0,0,0,0,0,0,0,0,0,0,0,0,0,0,0,0,0,0,0,0,0,0,0,0,0,0,0,0,0,0,0,0,0,0,0,0,0,0,0,0,0,0,0,0,0,0,0,0,0,0,0,0,0,0,0;0.538000000000000,0.469000000000000,0.469000000000000,0.458000000000000,0.458000000000000,0.458000000000000,0.524000000000000,0.524000000000000,0.524000000000000,0.524000000000000,0.524000000000000,0.524000000000000,0.524000000000000,0.538000000000000,0.538000000000000,0.538000000000000,0.538000000000000,0.538000000000000,0.538000000000000,0.538000000000000,0.538000000000000,0.538000000000000,0.538000000000000,0.538000000000000,0.538000000000000,0.538000000000000,0.538000000000000,0.538000000000000,0.538000000000000,0.538000000000000,0.538000000000000,0.538000000000000,0.538000000000000,0.538000000000000,0.538000000000000,0.499000000000000,0.499000000000000,0.499000000000000,0.499000000000000,0.428000000000000,0.428000000000000,0.448000000000000,0.448000000000000,0.448000000000000,0.448000000000000,0.448000000000000,0.448000000000000,0.448000000000000,0.448000000000000,0.448000000000000,0.439000000000000,0.439000000000000,0.439000000000000,0.439000000000000,0.410000000000000,0.403000000000000,0.410000000000000,0.411000000000000,0.453000000000000,0.453000000000000,0.453000000000000,0.453000000000000,0.453000000000000,0.453000000000000,0.416100000000000,0.398000000000000,0.398000000000000,0.409000000000000,0.409000000000000,0.409000000000000,0.413000000000000,0.413000000000000,0.413000000000000,0.413000000000000,0.437000000000000,0.437000000000000,0.437000000000000,0.437000000000000,0.437000000000000,0.437000000000000,0.426000000000000,0.426000000000000,0.426000000000000,0.426000000000000,0.449000000000000,0.449000000000000,0.449000000000000,0.449000000000000,0.489000000000000,0.489000000000000,0.489000000000000,0.489000000000000,0.464000000000000,0.464000000000000,0.464000000000000,0.445000000000000,0.445000000000000,0.445000000000000,0.445000000000000,0.445000000000000,0.520000000000000,0.520000000000000,0.520000000000000,0.520000000000000,0.520000000000000,0.520000000000000,0.520000000000000,0.520000000000000,0.520000000000000,0.520000000000000,0.520000000000000,0.547000000000000,0.547000000000000,0.547000000000000,0.547000000000000,0.547000000000000,0.547000000000000,0.547000000000000,0.547000000000000,0.547000000000000,0.581000000000000,0.581000000000000,0.581000000000000,0.581000000000000,0.581000000000000,0.581000000000000,0.581000000000000,